0.png 1 0 0 31 31
1.png 1 0 0 31 31
10.png 1 0 0 31 31
100.png 1 0 0 31 31
101.png 1 0 0 31 31
102.png 1 0 0 31 31
103.png 1 0 0 31 31
104.png 1 0 0 31 31
105.png 1 0 0 31 31
106.png 1 0 0 31 31
107.png 1 0 0 31 31
108.png 1 0 0 31 31
109.png 1 0 0 31 31
11.png 1 0 0 31 31
110.png 1 0 0 31 31
111.png 1 0 0 31 31
112.png 1 0 0 31 31
113.png 1 0 0 31 31
114.png 1 0 0 31 31
115.png 1 0 0 31 31
116.png 1 0 0 31 31
117.png 1 0 0 31 31
118.png 1 0 0 31 31
119.png 1 0 0 31 31
12.png 1 0 0 31 31
120.png 1 0 0 31 31
121.png 1 0 0 31 31
122.png 1 0 0 31 31
123.png 1 0 0 31 31
124.png 1 0 0 31 31
125.png 1 0 0 31 31
126.png 1 0 0 31 31
127.png 1 0 0 31 31
128.png 1 0 0 31 31
129.png 1 0 0 31 31
13.png 1 0 0 31 31
130.png 1 0 0 31 31
131.png 1 0 0 31 31
132.png 1 0 0 31 31
133.png 1 0 0 31 31
134.png 1 0 0 31 31
135.png 1 0 0 31 31
136.png 1 0 0 31 31
137.png 1 0 0 31 31
138.png 1 0 0 31 31
139.png 1 0 0 31 31
14.png 1 0 0 31 31
140.png 1 0 0 31 31
141.png 1 0 0 31 31
142.png 1 0 0 31 31
143.png 1 0 0 31 31
144.png 1 0 0 31 31
145.png 1 0 0 31 31
146.png 1 0 0 31 31
147.png 1 0 0 31 31
148.png 1 0 0 31 31
149.png 1 0 0 31 31
15.png 1 0 0 31 31
150.png 1 0 0 31 31
151.png 1 0 0 31 31
152.png 1 0 0 31 31
153.png 1 0 0 31 31
154.png 1 0 0 31 31
155.png 1 0 0 31 31
156.png 1 0 0 31 31
157.png 1 0 0 31 31
158.png 1 0 0 31 31
159.png 1 0 0 31 31
16.png 1 0 0 31 31
160.png 1 0 0 31 31
161.png 1 0 0 31 31
162.png 1 0 0 31 31
163.png 1 0 0 31 31
164.png 1 0 0 31 31
165.png 1 0 0 31 31
166.png 1 0 0 31 31
167.png 1 0 0 31 31
168.png 1 0 0 31 31
169.png 1 0 0 31 31
17.png 1 0 0 31 31
170.png 1 0 0 31 31
171.png 1 0 0 31 31
172.png 1 0 0 31 31
173.png 1 0 0 31 31
174.png 1 0 0 31 31
175.png 1 0 0 31 31
176.png 1 0 0 31 31
177.png 1 0 0 31 31
178.png 1 0 0 31 31
179.png 1 0 0 31 31
18.png 1 0 0 31 31
180.png 1 0 0 31 31
181.png 1 0 0 31 31
182.png 1 0 0 31 31
183.png 1 0 0 31 31
184.png 1 0 0 31 31
185.png 1 0 0 31 31
186.png 1 0 0 31 31
187.png 1 0 0 31 31
188.png 1 0 0 31 31
189.png 1 0 0 31 31
19.png 1 0 0 31 31
190.png 1 0 0 31 31
191.png 1 0 0 31 31
192.png 1 0 0 31 31
193.png 1 0 0 31 31
194.png 1 0 0 31 31
195.png 1 0 0 31 31
196.png 1 0 0 31 31
197.png 1 0 0 31 31
198.png 1 0 0 31 31
199.png 1 0 0 31 31
2.png 1 0 0 31 31
20.png 1 0 0 31 31
200.png 1 0 0 31 31
201.png 1 0 0 31 31
202.png 1 0 0 31 31
203.png 1 0 0 31 31
204.png 1 0 0 31 31
205.png 1 0 0 31 31
206.png 1 0 0 31 31
207.png 1 0 0 31 31
208.png 1 0 0 31 31
209.png 1 0 0 31 31
21.png 1 0 0 31 31
210.png 1 0 0 31 31
211.png 1 0 0 31 31
212.png 1 0 0 31 31
213.png 1 0 0 31 31
214.png 1 0 0 31 31
215.png 1 0 0 31 31
216.png 1 0 0 31 31
217.png 1 0 0 31 31
218.png 1 0 0 31 31
219.png 1 0 0 31 31
22.png 1 0 0 31 31
220.png 1 0 0 31 31
221.png 1 0 0 31 31
222.png 1 0 0 31 31
223.png 1 0 0 31 31
224.png 1 0 0 31 31
225.png 1 0 0 31 31
226.png 1 0 0 31 31
227.png 1 0 0 31 31
228.png 1 0 0 31 31
229.png 1 0 0 31 31
23.png 1 0 0 31 31
230.png 1 0 0 31 31
231.png 1 0 0 31 31
232.png 1 0 0 31 31
233.png 1 0 0 31 31
234.png 1 0 0 31 31
235.png 1 0 0 31 31
236.png 1 0 0 31 31
237.png 1 0 0 31 31
238.png 1 0 0 31 31
239.png 1 0 0 31 31
24.png 1 0 0 31 31
240.png 1 0 0 31 31
241.png 1 0 0 31 31
242.png 1 0 0 31 31
243.png 1 0 0 31 31
244.png 1 0 0 31 31
245.png 1 0 0 31 31
246.png 1 0 0 31 31
247.png 1 0 0 31 31
248.png 1 0 0 31 31
249.png 1 0 0 31 31
25.png 1 0 0 31 31
250.png 1 0 0 31 31
251.png 1 0 0 31 31
252.png 1 0 0 31 31
253.png 1 0 0 31 31
254.png 1 0 0 31 31
255.png 1 0 0 31 31
256.png 1 0 0 31 31
257.png 1 0 0 31 31
258.png 1 0 0 31 31
259.png 1 0 0 31 31
26.png 1 0 0 31 31
260.png 1 0 0 31 31
261.png 1 0 0 31 31
262.png 1 0 0 31 31
263.png 1 0 0 31 31
264.png 1 0 0 31 31
265.png 1 0 0 31 31
266.png 1 0 0 31 31
267.png 1 0 0 31 31
268.png 1 0 0 31 31
269.png 1 0 0 31 31
27.png 1 0 0 31 31
270.png 1 0 0 31 31
271.png 1 0 0 31 31
272.png 1 0 0 31 31
273.png 1 0 0 31 31
274.png 1 0 0 31 31
275.png 1 0 0 31 31
276.png 1 0 0 31 31
277.png 1 0 0 31 31
278.png 1 0 0 31 31
279.png 1 0 0 31 31
28.png 1 0 0 31 31
280.png 1 0 0 31 31
281.png 1 0 0 31 31
282.png 1 0 0 31 31
283.png 1 0 0 31 31
284.png 1 0 0 31 31
285.png 1 0 0 31 31
286.png 1 0 0 31 31
287.png 1 0 0 31 31
288.png 1 0 0 31 31
289.png 1 0 0 31 31
29.png 1 0 0 31 31
290.png 1 0 0 31 31
291.png 1 0 0 31 31
292.png 1 0 0 31 31
293.png 1 0 0 31 31
294.png 1 0 0 31 31
295.png 1 0 0 31 31
296.png 1 0 0 31 31
297.png 1 0 0 31 31
298.png 1 0 0 31 31
299.png 1 0 0 31 31
3.png 1 0 0 31 31
30.png 1 0 0 31 31
300.png 1 0 0 31 31
301.png 1 0 0 31 31
302.png 1 0 0 31 31
303.png 1 0 0 31 31
304.png 1 0 0 31 31
305.png 1 0 0 31 31
306.png 1 0 0 31 31
307.png 1 0 0 31 31
308.png 1 0 0 31 31
309.png 1 0 0 31 31
31.png 1 0 0 31 31
310.png 1 0 0 31 31
311.png 1 0 0 31 31
312.png 1 0 0 31 31
313.png 1 0 0 31 31
314.png 1 0 0 31 31
315.png 1 0 0 31 31
316.png 1 0 0 31 31
317.png 1 0 0 31 31
318.png 1 0 0 31 31
319.png 1 0 0 31 31
32.png 1 0 0 31 31
320.png 1 0 0 31 31
321.png 1 0 0 31 31
322.png 1 0 0 31 31
323.png 1 0 0 31 31
324.png 1 0 0 31 31
325.png 1 0 0 31 31
326.png 1 0 0 31 31
327.png 1 0 0 31 31
328.png 1 0 0 31 31
329.png 1 0 0 31 31
33.png 1 0 0 31 31
330.png 1 0 0 31 31
331.png 1 0 0 31 31
332.png 1 0 0 31 31
333.png 1 0 0 31 31
334.png 1 0 0 31 31
335.png 1 0 0 31 31
336.png 1 0 0 31 31
337.png 1 0 0 31 31
338.png 1 0 0 31 31
339.png 1 0 0 31 31
34.png 1 0 0 31 31
340.png 1 0 0 31 31
341.png 1 0 0 31 31
342.png 1 0 0 31 31
343.png 1 0 0 31 31
344.png 1 0 0 31 31
345.png 1 0 0 31 31
346.png 1 0 0 31 31
347.png 1 0 0 31 31
348.png 1 0 0 31 31
349.png 1 0 0 31 31
35.png 1 0 0 31 31
350.png 1 0 0 31 31
351.png 1 0 0 31 31
352.png 1 0 0 31 31
353.png 1 0 0 31 31
354.png 1 0 0 31 31
355.png 1 0 0 31 31
356.png 1 0 0 31 31
357.png 1 0 0 31 31
358.png 1 0 0 31 31
359.png 1 0 0 31 31
36.png 1 0 0 31 31
360.png 1 0 0 31 31
361.png 1 0 0 31 31
362.png 1 0 0 31 31
363.png 1 0 0 31 31
364.png 1 0 0 31 31
365.png 1 0 0 31 31
366.png 1 0 0 31 31
367.png 1 0 0 31 31
368.png 1 0 0 31 31
369.png 1 0 0 31 31
37.png 1 0 0 31 31
370.png 1 0 0 31 31
371.png 1 0 0 31 31
372.png 1 0 0 31 31
373.png 1 0 0 31 31
374.png 1 0 0 31 31
375.png 1 0 0 31 31
376.png 1 0 0 31 31
377.png 1 0 0 31 31
378.png 1 0 0 31 31
379.png 1 0 0 31 31
38.png 1 0 0 31 31
380.png 1 0 0 31 31
381.png 1 0 0 31 31
382.png 1 0 0 31 31
383.png 1 0 0 31 31
384.png 1 0 0 31 31
385.png 1 0 0 31 31
386.png 1 0 0 31 31
387.png 1 0 0 31 31
388.png 1 0 0 31 31
389.png 1 0 0 31 31
39.png 1 0 0 31 31
390.png 1 0 0 31 31
391.png 1 0 0 31 31
392.png 1 0 0 31 31
393.png 1 0 0 31 31
394.png 1 0 0 31 31
395.png 1 0 0 31 31
396.png 1 0 0 31 31
397.png 1 0 0 31 31
398.png 1 0 0 31 31
399.png 1 0 0 31 31
4.png 1 0 0 31 31
40.png 1 0 0 31 31
400.png 1 0 0 31 31
401.png 1 0 0 31 31
402.png 1 0 0 31 31
403.png 1 0 0 31 31
404.png 1 0 0 31 31
405.png 1 0 0 31 31
406.png 1 0 0 31 31
407.png 1 0 0 31 31
408.png 1 0 0 31 31
409.png 1 0 0 31 31
41.png 1 0 0 31 31
410.png 1 0 0 31 31
411.png 1 0 0 31 31
412.png 1 0 0 31 31
413.png 1 0 0 31 31
414.png 1 0 0 31 31
415.png 1 0 0 31 31
416.png 1 0 0 31 31
417.png 1 0 0 31 31
418.png 1 0 0 31 31
419.png 1 0 0 31 31
42.png 1 0 0 31 31
420.png 1 0 0 31 31
421.png 1 0 0 31 31
422.png 1 0 0 31 31
423.png 1 0 0 31 31
424.png 1 0 0 31 31
425.png 1 0 0 31 31
426.png 1 0 0 31 31
427.png 1 0 0 31 31
428.png 1 0 0 31 31
429.png 1 0 0 31 31
43.png 1 0 0 31 31
430.png 1 0 0 31 31
431.png 1 0 0 31 31
432.png 1 0 0 31 31
433.png 1 0 0 31 31
434.png 1 0 0 31 31
435.png 1 0 0 31 31
436.png 1 0 0 31 31
437.png 1 0 0 31 31
438.png 1 0 0 31 31
439.png 1 0 0 31 31
44.png 1 0 0 31 31
440.png 1 0 0 31 31
441.png 1 0 0 31 31
442.png 1 0 0 31 31
443.png 1 0 0 31 31
444.png 1 0 0 31 31
445.png 1 0 0 31 31
446.png 1 0 0 31 31
447.png 1 0 0 31 31
448.png 1 0 0 31 31
449.png 1 0 0 31 31
45.png 1 0 0 31 31
450.png 1 0 0 31 31
451.png 1 0 0 31 31
452.png 1 0 0 31 31
453.png 1 0 0 31 31
454.png 1 0 0 31 31
455.png 1 0 0 31 31
456.png 1 0 0 31 31
457.png 1 0 0 31 31
458.png 1 0 0 31 31
459.png 1 0 0 31 31
46.png 1 0 0 31 31
460.png 1 0 0 31 31
461.png 1 0 0 31 31
462.png 1 0 0 31 31
463.png 1 0 0 31 31
464.png 1 0 0 31 31
465.png 1 0 0 31 31
466.png 1 0 0 31 31
467.png 1 0 0 31 31
468.png 1 0 0 31 31
469.png 1 0 0 31 31
47.png 1 0 0 31 31
470.png 1 0 0 31 31
471.png 1 0 0 31 31
472.png 1 0 0 31 31
473.png 1 0 0 31 31
474.png 1 0 0 31 31
475.png 1 0 0 31 31
476.png 1 0 0 31 31
477.png 1 0 0 31 31
478.png 1 0 0 31 31
479.png 1 0 0 31 31
48.png 1 0 0 31 31
480.png 1 0 0 31 31
481.png 1 0 0 31 31
482.png 1 0 0 31 31
483.png 1 0 0 31 31
484.png 1 0 0 31 31
485.png 1 0 0 31 31
486.png 1 0 0 31 31
487.png 1 0 0 31 31
488.png 1 0 0 31 31
489.png 1 0 0 31 31
49.png 1 0 0 31 31
490.png 1 0 0 31 31
491.png 1 0 0 31 31
492.png 1 0 0 31 31
493.png 1 0 0 31 31
494.png 1 0 0 31 31
495.png 1 0 0 31 31
496.png 1 0 0 31 31
497.png 1 0 0 31 31
498.png 1 0 0 31 31
499.png 1 0 0 31 31
5.png 1 0 0 31 31
50.png 1 0 0 31 31
500.png 1 0 0 31 31
501.png 1 0 0 31 31
502.png 1 0 0 31 31
503.png 1 0 0 31 31
504.png 1 0 0 31 31
505.png 1 0 0 31 31
506.png 1 0 0 31 31
507.png 1 0 0 31 31
508.png 1 0 0 31 31
509.png 1 0 0 31 31
51.png 1 0 0 31 31
510.png 1 0 0 31 31
511.png 1 0 0 31 31
512.png 1 0 0 31 31
513.png 1 0 0 31 31
514.png 1 0 0 31 31
515.png 1 0 0 31 31
516.png 1 0 0 31 31
517.png 1 0 0 31 31
518.png 1 0 0 31 31
519.png 1 0 0 31 31
52.png 1 0 0 31 31
520.png 1 0 0 31 31
521.png 1 0 0 31 31
522.png 1 0 0 31 31
523.png 1 0 0 31 31
524.png 1 0 0 31 31
525.png 1 0 0 31 31
526.png 1 0 0 31 31
527.png 1 0 0 31 31
528.png 1 0 0 31 31
529.png 1 0 0 31 31
53.png 1 0 0 31 31
530.png 1 0 0 31 31
531.png 1 0 0 31 31
532.png 1 0 0 31 31
533.png 1 0 0 31 31
534.png 1 0 0 31 31
535.png 1 0 0 31 31
536.png 1 0 0 31 31
537.png 1 0 0 31 31
538.png 1 0 0 31 31
539.png 1 0 0 31 31
54.png 1 0 0 31 31
540.png 1 0 0 31 31
541.png 1 0 0 31 31
542.png 1 0 0 31 31
543.png 1 0 0 31 31
544.png 1 0 0 31 31
545.png 1 0 0 31 31
546.png 1 0 0 31 31
547.png 1 0 0 31 31
548.png 1 0 0 31 31
549.png 1 0 0 31 31
55.png 1 0 0 31 31
550.png 1 0 0 31 31
551.png 1 0 0 31 31
552.png 1 0 0 31 31
553.png 1 0 0 31 31
554.png 1 0 0 31 31
555.png 1 0 0 31 31
556.png 1 0 0 31 31
557.png 1 0 0 31 31
558.png 1 0 0 31 31
559.png 1 0 0 31 31
56.png 1 0 0 31 31
560.png 1 0 0 31 31
561.png 1 0 0 31 31
562.png 1 0 0 31 31
563.png 1 0 0 31 31
564.png 1 0 0 31 31
565.png 1 0 0 31 31
566.png 1 0 0 31 31
567.png 1 0 0 31 31
568.png 1 0 0 31 31
569.png 1 0 0 31 31
57.png 1 0 0 31 31
570.png 1 0 0 31 31
571.png 1 0 0 31 31
572.png 1 0 0 31 31
573.png 1 0 0 31 31
574.png 1 0 0 31 31
575.png 1 0 0 31 31
576.png 1 0 0 31 31
577.png 1 0 0 31 31
578.png 1 0 0 31 31
579.png 1 0 0 31 31
58.png 1 0 0 31 31
580.png 1 0 0 31 31
581.png 1 0 0 31 31
582.png 1 0 0 31 31
583.png 1 0 0 31 31
584.png 1 0 0 31 31
585.png 1 0 0 31 31
586.png 1 0 0 31 31
587.png 1 0 0 31 31
588.png 1 0 0 31 31
589.png 1 0 0 31 31
59.png 1 0 0 31 31
590.png 1 0 0 31 31
591.png 1 0 0 31 31
592.png 1 0 0 31 31
593.png 1 0 0 31 31
594.png 1 0 0 31 31
595.png 1 0 0 31 31
596.png 1 0 0 31 31
597.png 1 0 0 31 31
598.png 1 0 0 31 31
599.png 1 0 0 31 31
6.png 1 0 0 31 31
60.png 1 0 0 31 31
600.png 1 0 0 31 31
601.png 1 0 0 31 31
602.png 1 0 0 31 31
603.png 1 0 0 31 31
604.png 1 0 0 31 31
605.png 1 0 0 31 31
606.png 1 0 0 31 31
607.png 1 0 0 31 31
608.png 1 0 0 31 31
609.png 1 0 0 31 31
61.png 1 0 0 31 31
610.png 1 0 0 31 31
611.png 1 0 0 31 31
612.png 1 0 0 31 31
613.png 1 0 0 31 31
614.png 1 0 0 31 31
615.png 1 0 0 31 31
616.png 1 0 0 31 31
617.png 1 0 0 31 31
618.png 1 0 0 31 31
619.png 1 0 0 31 31
62.png 1 0 0 31 31
620.png 1 0 0 31 31
621.png 1 0 0 31 31
622.png 1 0 0 31 31
623.png 1 0 0 31 31
624.png 1 0 0 31 31
625.png 1 0 0 31 31
626.png 1 0 0 31 31
627.png 1 0 0 31 31
628.png 1 0 0 31 31
629.png 1 0 0 31 31
63.png 1 0 0 31 31
630.png 1 0 0 31 31
631.png 1 0 0 31 31
632.png 1 0 0 31 31
633.png 1 0 0 31 31
634.png 1 0 0 31 31
635.png 1 0 0 31 31
636.png 1 0 0 31 31
637.png 1 0 0 31 31
638.png 1 0 0 31 31
639.png 1 0 0 31 31
64.png 1 0 0 31 31
640.png 1 0 0 31 31
641.png 1 0 0 31 31
642.png 1 0 0 31 31
643.png 1 0 0 31 31
644.png 1 0 0 31 31
645.png 1 0 0 31 31
646.png 1 0 0 31 31
647.png 1 0 0 31 31
648.png 1 0 0 31 31
649.png 1 0 0 31 31
65.png 1 0 0 31 31
650.png 1 0 0 31 31
651.png 1 0 0 31 31
652.png 1 0 0 31 31
653.png 1 0 0 31 31
654.png 1 0 0 31 31
655.png 1 0 0 31 31
656.png 1 0 0 31 31
657.png 1 0 0 31 31
658.png 1 0 0 31 31
659.png 1 0 0 31 31
66.png 1 0 0 31 31
660.png 1 0 0 31 31
661.png 1 0 0 31 31
662.png 1 0 0 31 31
663.png 1 0 0 31 31
664.png 1 0 0 31 31
665.png 1 0 0 31 31
666.png 1 0 0 31 31
667.png 1 0 0 31 31
668.png 1 0 0 31 31
669.png 1 0 0 31 31
67.png 1 0 0 31 31
670.png 1 0 0 31 31
671.png 1 0 0 31 31
672.png 1 0 0 31 31
673.png 1 0 0 31 31
674.png 1 0 0 31 31
675.png 1 0 0 31 31
676.png 1 0 0 31 31
677.png 1 0 0 31 31
678.png 1 0 0 31 31
679.png 1 0 0 31 31
68.png 1 0 0 31 31
680.png 1 0 0 31 31
681.png 1 0 0 31 31
682.png 1 0 0 31 31
683.png 1 0 0 31 31
684.png 1 0 0 31 31
685.png 1 0 0 31 31
686.png 1 0 0 31 31
687.png 1 0 0 31 31
688.png 1 0 0 31 31
689.png 1 0 0 31 31
69.png 1 0 0 31 31
690.png 1 0 0 31 31
691.png 1 0 0 31 31
692.png 1 0 0 31 31
693.png 1 0 0 31 31
694.png 1 0 0 31 31
695.png 1 0 0 31 31
696.png 1 0 0 31 31
697.png 1 0 0 31 31
698.png 1 0 0 31 31
699.png 1 0 0 31 31
7.png 1 0 0 31 31
70.png 1 0 0 31 31
700.png 1 0 0 31 31
701.png 1 0 0 31 31
702.png 1 0 0 31 31
703.png 1 0 0 31 31
704.png 1 0 0 31 31
705.png 1 0 0 31 31
706.png 1 0 0 31 31
707.png 1 0 0 31 31
708.png 1 0 0 31 31
709.png 1 0 0 31 31
71.png 1 0 0 31 31
710.png 1 0 0 31 31
711.png 1 0 0 31 31
712.png 1 0 0 31 31
713.png 1 0 0 31 31
714.png 1 0 0 31 31
715.png 1 0 0 31 31
716.png 1 0 0 31 31
717.png 1 0 0 31 31
718.png 1 0 0 31 31
719.png 1 0 0 31 31
72.png 1 0 0 31 31
720.png 1 0 0 31 31
721.png 1 0 0 31 31
722.png 1 0 0 31 31
723.png 1 0 0 31 31
724.png 1 0 0 31 31
725.png 1 0 0 31 31
726.png 1 0 0 31 31
727.png 1 0 0 31 31
728.png 1 0 0 31 31
729.png 1 0 0 31 31
73.png 1 0 0 31 31
730.png 1 0 0 31 31
731.png 1 0 0 31 31
732.png 1 0 0 31 31
733.png 1 0 0 31 31
734.png 1 0 0 31 31
735.png 1 0 0 31 31
736.png 1 0 0 31 31
737.png 1 0 0 31 31
738.png 1 0 0 31 31
739.png 1 0 0 31 31
74.png 1 0 0 31 31
740.png 1 0 0 31 31
741.png 1 0 0 31 31
742.png 1 0 0 31 31
743.png 1 0 0 31 31
744.png 1 0 0 31 31
745.png 1 0 0 31 31
746.png 1 0 0 31 31
747.png 1 0 0 31 31
748.png 1 0 0 31 31
749.png 1 0 0 31 31
75.png 1 0 0 31 31
750.png 1 0 0 31 31
751.png 1 0 0 31 31
752.png 1 0 0 31 31
753.png 1 0 0 31 31
754.png 1 0 0 31 31
755.png 1 0 0 31 31
756.png 1 0 0 31 31
757.png 1 0 0 31 31
758.png 1 0 0 31 31
759.png 1 0 0 31 31
76.png 1 0 0 31 31
760.png 1 0 0 31 31
761.png 1 0 0 31 31
762.png 1 0 0 31 31
763.png 1 0 0 31 31
764.png 1 0 0 31 31
765.png 1 0 0 31 31
766.png 1 0 0 31 31
767.png 1 0 0 31 31
768.png 1 0 0 31 31
769.png 1 0 0 31 31
77.png 1 0 0 31 31
770.png 1 0 0 31 31
771.png 1 0 0 31 31
772.png 1 0 0 31 31
773.png 1 0 0 31 31
774.png 1 0 0 31 31
775.png 1 0 0 31 31
776.png 1 0 0 31 31
777.png 1 0 0 31 31
778.png 1 0 0 31 31
779.png 1 0 0 31 31
78.png 1 0 0 31 31
780.png 1 0 0 31 31
781.png 1 0 0 31 31
782.png 1 0 0 31 31
783.png 1 0 0 31 31
784.png 1 0 0 31 31
785.png 1 0 0 31 31
786.png 1 0 0 31 31
787.png 1 0 0 31 31
788.png 1 0 0 31 31
789.png 1 0 0 31 31
79.png 1 0 0 31 31
790.png 1 0 0 31 31
791.png 1 0 0 31 31
792.png 1 0 0 31 31
793.png 1 0 0 31 31
794.png 1 0 0 31 31
795.png 1 0 0 31 31
796.png 1 0 0 31 31
797.png 1 0 0 31 31
798.png 1 0 0 31 31
799.png 1 0 0 31 31
8.png 1 0 0 31 31
80.png 1 0 0 31 31
800.png 1 0 0 31 31
801.png 1 0 0 31 31
802.png 1 0 0 31 31
803.png 1 0 0 31 31
804.png 1 0 0 31 31
805.png 1 0 0 31 31
806.png 1 0 0 31 31
807.png 1 0 0 31 31
808.png 1 0 0 31 31
809.png 1 0 0 31 31
81.png 1 0 0 31 31
810.png 1 0 0 31 31
811.png 1 0 0 31 31
812.png 1 0 0 31 31
813.png 1 0 0 31 31
814.png 1 0 0 31 31
815.png 1 0 0 31 31
816.png 1 0 0 31 31
817.png 1 0 0 31 31
818.png 1 0 0 31 31
819.png 1 0 0 31 31
82.png 1 0 0 31 31
820.png 1 0 0 31 31
821.png 1 0 0 31 31
822.png 1 0 0 31 31
823.png 1 0 0 31 31
824.png 1 0 0 31 31
825.png 1 0 0 31 31
826.png 1 0 0 31 31
827.png 1 0 0 31 31
828.png 1 0 0 31 31
829.png 1 0 0 31 31
83.png 1 0 0 31 31
830.png 1 0 0 31 31
831.png 1 0 0 31 31
832.png 1 0 0 31 31
833.png 1 0 0 31 31
834.png 1 0 0 31 31
835.png 1 0 0 31 31
836.png 1 0 0 31 31
837.png 1 0 0 31 31
838.png 1 0 0 31 31
839.png 1 0 0 31 31
84.png 1 0 0 31 31
840.png 1 0 0 31 31
841.png 1 0 0 31 31
842.png 1 0 0 31 31
843.png 1 0 0 31 31
844.png 1 0 0 31 31
845.png 1 0 0 31 31
846.png 1 0 0 31 31
847.png 1 0 0 31 31
848.png 1 0 0 31 31
849.png 1 0 0 31 31
85.png 1 0 0 31 31
850.png 1 0 0 31 31
851.png 1 0 0 31 31
852.png 1 0 0 31 31
853.png 1 0 0 31 31
854.png 1 0 0 31 31
855.png 1 0 0 31 31
856.png 1 0 0 31 31
857.png 1 0 0 31 31
858.png 1 0 0 31 31
859.png 1 0 0 31 31
86.png 1 0 0 31 31
860.png 1 0 0 31 31
861.png 1 0 0 31 31
862.png 1 0 0 31 31
863.png 1 0 0 31 31
864.png 1 0 0 31 31
865.png 1 0 0 31 31
866.png 1 0 0 31 31
867.png 1 0 0 31 31
868.png 1 0 0 31 31
869.png 1 0 0 31 31
87.png 1 0 0 31 31
870.png 1 0 0 31 31
871.png 1 0 0 31 31
872.png 1 0 0 31 31
873.png 1 0 0 31 31
874.png 1 0 0 31 31
875.png 1 0 0 31 31
876.png 1 0 0 31 31
877.png 1 0 0 31 31
878.png 1 0 0 31 31
879.png 1 0 0 31 31
88.png 1 0 0 31 31
880.png 1 0 0 31 31
881.png 1 0 0 31 31
882.png 1 0 0 31 31
883.png 1 0 0 31 31
884.png 1 0 0 31 31
885.png 1 0 0 31 31
886.png 1 0 0 31 31
887.png 1 0 0 31 31
888.png 1 0 0 31 31
889.png 1 0 0 31 31
89.png 1 0 0 31 31
890.png 1 0 0 31 31
891.png 1 0 0 31 31
892.png 1 0 0 31 31
893.png 1 0 0 31 31
894.png 1 0 0 31 31
895.png 1 0 0 31 31
896.png 1 0 0 31 31
897.png 1 0 0 31 31
898.png 1 0 0 31 31
899.png 1 0 0 31 31
9.png 1 0 0 31 31
90.png 1 0 0 31 31
900.png 1 0 0 31 31
901.png 1 0 0 31 31
902.png 1 0 0 31 31
903.png 1 0 0 31 31
904.png 1 0 0 31 31
905.png 1 0 0 31 31
906.png 1 0 0 31 31
907.png 1 0 0 31 31
908.png 1 0 0 31 31
909.png 1 0 0 31 31
91.png 1 0 0 31 31
910.png 1 0 0 31 31
911.png 1 0 0 31 31
912.png 1 0 0 31 31
913.png 1 0 0 31 31
914.png 1 0 0 31 31
915.png 1 0 0 31 31
916.png 1 0 0 31 31
917.png 1 0 0 31 31
918.png 1 0 0 31 31
919.png 1 0 0 31 31
92.png 1 0 0 31 31
920.png 1 0 0 31 31
921.png 1 0 0 31 31
922.png 1 0 0 31 31
923.png 1 0 0 31 31
924.png 1 0 0 31 31
925.png 1 0 0 31 31
926.png 1 0 0 31 31
927.png 1 0 0 31 31
928.png 1 0 0 31 31
929.png 1 0 0 31 31
93.png 1 0 0 31 31
930.png 1 0 0 31 31
931.png 1 0 0 31 31
932.png 1 0 0 31 31
933.png 1 0 0 31 31
934.png 1 0 0 31 31
935.png 1 0 0 31 31
936.png 1 0 0 31 31
937.png 1 0 0 31 31
938.png 1 0 0 31 31
939.png 1 0 0 31 31
94.png 1 0 0 31 31
940.png 1 0 0 31 31
941.png 1 0 0 31 31
942.png 1 0 0 31 31
943.png 1 0 0 31 31
944.png 1 0 0 31 31
945.png 1 0 0 31 31
946.png 1 0 0 31 31
947.png 1 0 0 31 31
948.png 1 0 0 31 31
949.png 1 0 0 31 31
95.png 1 0 0 31 31
950.png 1 0 0 31 31
951.png 1 0 0 31 31
952.png 1 0 0 31 31
953.png 1 0 0 31 31
954.png 1 0 0 31 31
955.png 1 0 0 31 31
956.png 1 0 0 31 31
957.png 1 0 0 31 31
958.png 1 0 0 31 31
959.png 1 0 0 31 31
96.png 1 0 0 31 31
960.png 1 0 0 31 31
961.png 1 0 0 31 31
962.png 1 0 0 31 31
963.png 1 0 0 31 31
964.png 1 0 0 31 31
965.png 1 0 0 31 31
966.png 1 0 0 31 31
967.png 1 0 0 31 31
968.png 1 0 0 31 31
969.png 1 0 0 31 31
97.png 1 0 0 31 31
970.png 1 0 0 31 31
971.png 1 0 0 31 31
972.png 1 0 0 31 31
973.png 1 0 0 31 31
974.png 1 0 0 31 31
975.png 1 0 0 31 31
976.png 1 0 0 31 31
977.png 1 0 0 31 31
978.png 1 0 0 31 31
979.png 1 0 0 31 31
98.png 1 0 0 31 31
980.png 1 0 0 31 31
981.png 1 0 0 31 31
982.png 1 0 0 31 31
983.png 1 0 0 31 31
984.png 1 0 0 31 31
985.png 1 0 0 31 31
986.png 1 0 0 31 31
987.png 1 0 0 31 31
988.png 1 0 0 31 31
989.png 1 0 0 31 31
99.png 1 0 0 31 31
990.png 1 0 0 31 31
991.png 1 0 0 31 31
992.png 1 0 0 31 31
993.png 1 0 0 31 31
994.png 1 0 0 31 31
995.png 1 0 0 31 31
996.png 1 0 0 31 31
997.png 1 0 0 31 31
998.png 1 0 0 31 31
999.png 1 0 0 31 31
